11/02/16 20:19

Error loading Darren-Lund/iterative_solvers.py:
	No module named iterative_solvers

-------------------------------------------------------

11/11/16 08:12

Error loading Darren-Lund/iterative_solvers.py:
	No module named iterative_solvers

-------------------------------------------------------

11/15/16 09:45

Problem 1 (5 points):
Score += 5

Problem 2 (5 points):
Score += 5

Problem 3 (5 points):
Score += 5

Problem 4 (5 points):
Score += 5

Problem 5 (5 points):
Score += 5

Problem 6 (5 points):
Score += 5

Problem 7 (5 points):
b not returned correctly
Student: 
[[-100.]
 [   0.]
 [   0.]
 [   0.]
 [   0.]
 [   0.]
 [   0.]
 [   0.]
 [   0.]
 [   0.]
 [   0.]
 [   0.]
 [   0.]
 [   0.]
 [   0.]
 [   0.]
 [   0.]
 [   0.]
 [   0.]
 [-100.]
 [-100.]
 [   0.]
 [   0.]
 [   0.]
 [   0.]
 [   0.]
 [   0.]
 [   0.]
 [   0.]
 [   0.]
 [   0.]
 [   0.]
 [   0.]
 [   0.]
 [   0.]
 [   0.]
 [   0.]
 [   0.]
 [   0.]
 [-100.]
 [-100.]
 [   0.]
 [   0.]
 [   0.]
 [   0.]
 [   0.]
 [   0.]
 [   0.]
 [   0.]
 [   0.]
 [   0.]
 [   0.]
 [   0.]
 [   0.]
 [   0.]
 [   0.]
 [   0.]
 [   0.]
 [   0.]
 [-100.]
 [-100.]
 [   0.]
 [   0.]
 [   0.]
 [   0.]
 [   0.]
 [   0.]
 [   0.]
 [   0.]
 [   0.]
 [   0.]
 [   0.]
 [   0.]
 [   0.]
 [   0.]
 [   0.]
 [   0.]
 [   0.]
 [   0.]
 [-100.]
 [-100.]
 [   0.]
 [   0.]
 [   0.]
 [   0.]
 [   0.]
 [   0.]
 [   0.]
 [   0.]
 [   0.]
 [   0.]
 [   0.]
 [   0.]
 [   0.]
 [   0.]
 [   0.]
 [   0.]
 [   0.]
 [   0.]
 [-100.]
 [-100.]
 [   0.]
 [   0.]
 [   0.]
 [   0.]
 [   0.]
 [   0.]
 [   0.]
 [   0.]
 [   0.]
 [   0.]
 [   0.]
 [   0.]
 [   0.]
 [   0.]
 [   0.]
 [   0.]
 [   0.]
 [   0.]
 [-100.]
 [-100.]
 [   0.]
 [   0.]
 [   0.]
 [   0.]
 [   0.]
 [   0.]
 [   0.]
 [   0.]
 [   0.]
 [   0.]
 [   0.]
 [   0.]
 [   0.]
 [   0.]
 [   0.]
 [   0.]
 [   0.]
 [   0.]
 [-100.]
 [-100.]
 [   0.]
 [   0.]
 [   0.]
 [   0.]
 [   0.]
 [   0.]
 [   0.]
 [   0.]
 [   0.]
 [   0.]
 [   0.]
 [   0.]
 [   0.]
 [   0.]
 [   0.]
 [   0.]
 [   0.]
 [   0.]
 [-100.]
 [-100.]
 [   0.]
 [   0.]
 [   0.]
 [   0.]
 [   0.]
 [   0.]
 [   0.]
 [   0.]
 [   0.]
 [   0.]
 [   0.]
 [   0.]
 [   0.]
 [   0.]
 [   0.]
 [   0.]
 [   0.]
 [   0.]
 [-100.]
 [-100.]
 [   0.]
 [   0.]
 [   0.]
 [   0.]
 [   0.]
 [   0.]
 [   0.]
 [   0.]
 [   0.]
 [   0.]
 [   0.]
 [   0.]
 [   0.]
 [   0.]
 [   0.]
 [   0.]
 [   0.]
 [   0.]
 [-100.]
 [-100.]
 [   0.]
 [   0.]
 [   0.]
 [   0.]
 [   0.]
 [   0.]
 [   0.]
 [   0.]
 [   0.]
 [   0.]
 [   0.]
 [   0.]
 [   0.]
 [   0.]
 [   0.]
 [   0.]
 [   0.]
 [   0.]
 [-100.]
 [-100.]
 [   0.]
 [   0.]
 [   0.]
 [   0.]
 [   0.]
 [   0.]
 [   0.]
 [   0.]
 [   0.]
 [   0.]
 [   0.]
 [   0.]
 [   0.]
 [   0.]
 [   0.]
 [   0.]
 [   0.]
 [   0.]
 [-100.]
 [-100.]
 [   0.]
 [   0.]
 [   0.]
 [   0.]
 [   0.]
 [   0.]
 [   0.]
 [   0.]
 [   0.]
 [   0.]
 [   0.]
 [   0.]
 [   0.]
 [   0.]
 [   0.]
 [   0.]
 [   0.]
 [   0.]
 [-100.]
 [-100.]
 [   0.]
 [   0.]
 [   0.]
 [   0.]
 [   0.]
 [   0.]
 [   0.]
 [   0.]
 [   0.]
 [   0.]
 [   0.]
 [   0.]
 [   0.]
 [   0.]
 [   0.]
 [   0.]
 [   0.]
 [   0.]
 [-100.]
 [-100.]
 [   0.]
 [   0.]
 [   0.]
 [   0.]
 [   0.]
 [   0.]
 [   0.]
 [   0.]
 [   0.]
 [   0.]
 [   0.]
 [   0.]
 [   0.]
 [   0.]
 [   0.]
 [   0.]
 [   0.]
 [   0.]
 [-100.]
 [-100.]
 [   0.]
 [   0.]
 [   0.]
 [   0.]
 [   0.]
 [   0.]
 [   0.]
 [   0.]
 [   0.]
 [   0.]
 [   0.]
 [   0.]
 [   0.]
 [   0.]
 [   0.]
 [   0.]
 [   0.]
 [   0.]
 [-100.]
 [-100.]
 [   0.]
 [   0.]
 [   0.]
 [   0.]
 [   0.]
 [   0.]
 [   0.]
 [   0.]
 [   0.]
 [   0.]
 [   0.]
 [   0.]
 [   0.]
 [   0.]
 [   0.]
 [   0.]
 [   0.]
 [   0.]
 [-100.]
 [-100.]
 [   0.]
 [   0.]
 [   0.]
 [   0.]
 [   0.]
 [   0.]
 [   0.]
 [   0.]
 [   0.]
 [   0.]
 [   0.]
 [   0.]
 [   0.]
 [   0.]
 [   0.]
 [   0.]
 [   0.]
 [   0.]
 [-100.]
 [-100.]
 [   0.]
 [   0.]
 [   0.]
 [   0.]
 [   0.]
 [   0.]
 [   0.]
 [   0.]
 [   0.]
 [   0.]
 [   0.]
 [   0.]
 [   0.]
 [   0.]
 [   0.]
 [   0.]
 [   0.]
 [   0.]
 [-100.]
 [-100.]
 [   0.]
 [   0.]
 [   0.]
 [   0.]
 [   0.]
 [   0.]
 [   0.]
 [   0.]
 [   0.]
 [   0.]
 [   0.]
 [   0.]
 [   0.]
 [   0.]
 [   0.]
 [   0.]
 [   0.]
 [   0.]
 [-100.]]

Expected: 
[-100.    0.    0.    0.    0.    0.    0.    0.    0.    0.    0.    0.
    0.    0.    0.    0.    0.    0.    0. -100. -100.    0.    0.    0.
    0.    0.    0.    0.    0.    0.    0.    0.    0.    0.    0.    0.
    0.    0.    0. -100. -100.    0.    0.    0.    0.    0.    0.    0.
    0.    0.    0.    0.    0.    0.    0.    0.    0.    0.    0. -100.
 -100.    0.    0.    0.    0.    0.    0.    0.    0.    0.    0.    0.
    0.    0.    0.    0.    0.    0.    0. -100. -100.    0.    0.    0.
    0.    0.    0.    0.    0.    0.    0.    0.    0.    0.    0.    0.
    0.    0.    0. -100. -100.    0.    0.    0.    0.    0.    0.    0.
    0.    0.    0.    0.    0.    0.    0.    0.    0.    0.    0. -100.
 -100.    0.    0.    0.    0.    0.    0.    0.    0.    0.    0.    0.
    0.    0.    0.    0.    0.    0.    0. -100. -100.    0.    0.    0.
    0.    0.    0.    0.    0.    0.    0.    0.    0.    0.    0.    0.
    0.    0.    0. -100. -100.    0.    0.    0.    0.    0.    0.    0.
    0.    0.    0.    0.    0.    0.    0.    0.    0.    0.    0. -100.
 -100.    0.    0.    0.    0.    0.    0.    0.    0.    0.    0.    0.
    0.    0.    0.    0.    0.    0.    0. -100. -100.    0.    0.    0.
    0.    0.    0.    0.    0.    0.    0.    0.    0.    0.    0.    0.
    0.    0.    0. -100. -100.    0.    0.    0.    0.    0.    0.    0.
    0.    0.    0.    0.    0.    0.    0.    0.    0.    0.    0. -100.
 -100.    0.    0.    0.    0.    0.    0.    0.    0.    0.    0.    0.
    0.    0.    0.    0.    0.    0.    0. -100. -100.    0.    0.    0.
    0.    0.    0.    0.    0.    0.    0.    0.    0.    0.    0.    0.
    0.    0.    0. -100. -100.    0.    0.    0.    0.    0.    0.    0.
    0.    0.    0.    0.    0.    0.    0.    0.    0.    0.    0. -100.
 -100.    0.    0.    0.    0.    0.    0.    0.    0.    0.    0.    0.
    0.    0.    0.    0.    0.    0.    0. -100. -100.    0.    0.    0.
    0.    0.    0.    0.    0.    0.    0.    0.    0.    0.    0.    0.
    0.    0.    0. -100. -100.    0.    0.    0.    0.    0.    0.    0.
    0.    0.    0.    0.    0.    0.    0.    0.    0.    0.    0. -100.
 -100.    0.    0.    0.    0.    0.    0.    0.    0.    0.    0.    0.
    0.    0.    0.    0.    0.    0.    0. -100. -100.    0.    0.    0.
    0.    0.    0.    0.    0.    0.    0.    0.    0.    0.    0.    0.
    0.    0.    0. -100.]
Score += 0

Problem 8 (5 points):
Score += 5

Problem 9 (5 points):
Should be an x
Score += 3

Total score: 38/45 = 84.44%

-------------------------------------------------------

11/17/16 11:18

Problem 1 (5 points):
Score += 5

Problem 2 (5 points):
Score += 5

Problem 3 (5 points):
Score += 5

Problem 4 (5 points):
Score += 5

Problem 5 (5 points):
Score += 5

Problem 6 (5 points):
Score += 5

Problem 7 (5 points):
Score += 5

Problem 8 (5 points):
Score += 5

Problem 9 (5 points):
Should result in an X
Score += 2

Total score: 42/45 = 93.33%

Great job!

-------------------------------------------------------

11/28/16 17:04

Problem 1 (5 points):
Score += 5

Problem 2 (5 points):
Score += 5

Problem 3 (5 points):
Score += 5

Problem 4 (5 points):
RuntimeError: Solution did not converge.

Problem 5 (5 points):
Score += 5

Problem 6 (5 points):
Score += 5

Problem 7 (5 points):
Score += 5

Problem 8 (5 points):
Score += 5

Problem 9 (5 points):
prob4() does not match specifications
Score += 2

Total score: 37/45 = 82.22%

-------------------------------------------------------

